Lista com : 1000
[0] = 0
[1] = 1
[2] = 2
[3] = 3
[4] = 4
[5] = 5
[6] = 6
[7] = 7
[8] = 8
[9] = 9
[0, 10] = 10
[1, 10] = 11
[2, 10] = 12
[3, 10] = 13
[4, 10] = 14
[5, 10] = 15
[6, 10] = 16
[7, 10] = 17
[8, 10] = 18
[9, 10] = 19
[0, 20] = 20
[1, 20] = 21
[2, 20] = 22
[3, 20] = 23
[4, 20] = 24
[5, 20] = 25
[6, 20] = 26
[7, 20] = 27
[8, 20] = 28
[9, 20] = 29
[0, 30] = 30
[1, 30] = 31
[2, 30] = 32
[3, 30] = 33
[4, 30] = 34
[5, 30] = 35
[6, 30] = 36
[7, 30] = 37
[8, 30] = 38
[9, 30] = 39
[0, 40] = 40
[1, 40] = 41
[2, 40] = 42
[3, 40] = 43
[4, 40] = 44
[5, 40] = 45
[6, 40] = 46
[7, 40] = 47
[8, 40] = 48
[9, 40] = 49
[0, 50] = 50
[1, 50] = 51
[2, 50] = 52
[3, 50] = 53
[4, 50] = 54
[5, 50] = 55
[6, 50] = 56
[7, 50] = 57
[8, 50] = 58
[9, 50] = 59
[0, 60] = 60
[1, 60] = 61
[2, 60] = 62
[3, 60] = 63
[4, 60] = 64
[5, 60] = 65
[6, 60] = 66
[7, 60] = 67
[8, 60] = 68
[9, 60] = 69
[0, 70] = 70
[1, 70] = 71
[2, 70] = 72
[3, 70] = 73
[4, 70] = 74
[5, 70] = 75
[6, 70] = 76
[7, 70] = 77
[8, 70] = 78
[9, 70] = 79
[0, 80] = 80
[1, 80] = 81
[2, 80] = 82
[3, 80] = 83
[4, 80] = 84
[5, 80] = 85
[6, 80] = 86
[7, 80] = 87
[8, 80] = 88
[9, 80] = 89
[0, 90] = 90
[1, 90] = 91
[2, 90] = 92
[3, 90] = 93
[4, 90] = 94
[5, 90] = 95
[6, 90] = 96
[7, 90] = 97
[8, 90] = 98
[9, 90] = 99
[0, 0, 100] = 100
[1, 0, 100] = 101
[2, 0, 100] = 102
[3, 0, 100] = 103
[4, 0, 100] = 104
[5, 0, 100] = 105
[6, 0, 100] = 106
[7, 0, 100] = 107
[8, 0, 100] = 108
[9, 0, 100] = 109
[0, 10, 100] = 110
[1, 10, 100] = 111
[2, 10, 100] = 112
[3, 10, 100] = 113
[4, 10, 100] = 114
[5, 10, 100] = 115
[6, 10, 100] = 116
[7, 10, 100] = 117
[8, 10, 100] = 118
[9, 10, 100] = 119
[0, 20, 100] = 120
[1, 20, 100] = 121
[2, 20, 100] = 122
[3, 20, 100] = 123
[4, 20, 100] = 124
[5, 20, 100] = 125
[6, 20, 100] = 126
[7, 20, 100] = 127
[8, 20, 100] = 128
[9, 20, 100] = 129
[0, 30, 100] = 130
[1, 30, 100] = 131
[2, 30, 100] = 132
[3, 30, 100] = 133
[4, 30, 100] = 134
[5, 30, 100] = 135
[6, 30, 100] = 136
[7, 30, 100] = 137
[8, 30, 100] = 138
[9, 30, 100] = 139
[0, 40, 100] = 140
[1, 40, 100] = 141
[2, 40, 100] = 142
[3, 40, 100] = 143
[4, 40, 100] = 144
[5, 40, 100] = 145
[6, 40, 100] = 146
[7, 40, 100] = 147
[8, 40, 100] = 148
[9, 40, 100] = 149
[0, 50, 100] = 150
[1, 50, 100] = 151
[2, 50, 100] = 152
[3, 50, 100] = 153
[4, 50, 100] = 154
[5, 50, 100] = 155
[6, 50, 100] = 156
[7, 50, 100] = 157
[8, 50, 100] = 158
[9, 50, 100] = 159
[0, 60, 100] = 160
[1, 60, 100] = 161
[2, 60, 100] = 162
[3, 60, 100] = 163
[4, 60, 100] = 164
[5, 60, 100] = 165
[6, 60, 100] = 166
[7, 60, 100] = 167
[8, 60, 100] = 168
[9, 60, 100] = 169
[0, 70, 100] = 170
[1, 70, 100] = 171
[2, 70, 100] = 172
[3, 70, 100] = 173
[4, 70, 100] = 174
[5, 70, 100] = 175
[6, 70, 100] = 176
[7, 70, 100] = 177
[8, 70, 100] = 178
[9, 70, 100] = 179
[0, 80, 100] = 180
[1, 80, 100] = 181
[2, 80, 100] = 182
[3, 80, 100] = 183
[4, 80, 100] = 184
[5, 80, 100] = 185
[6, 80, 100] = 186
[7, 80, 100] = 187
[8, 80, 100] = 188
[9, 80, 100] = 189
[0, 90, 100] = 190
[1, 90, 100] = 191
[2, 90, 100] = 192
[3, 90, 100] = 193
[4, 90, 100] = 194
[5, 90, 100] = 195
[6, 90, 100] = 196
[7, 90, 100] = 197
[8, 90, 100] = 198
[9, 90, 100] = 199
[0, 0, 200] = 200
[1, 0, 200] = 201
[2, 0, 200] = 202
[3, 0, 200] = 203
[4, 0, 200] = 204
[5, 0, 200] = 205
[6, 0, 200] = 206
[7, 0, 200] = 207
[8, 0, 200] = 208
[9, 0, 200] = 209
[0, 10, 200] = 210
[1, 10, 200] = 211
[2, 10, 200] = 212
[3, 10, 200] = 213
[4, 10, 200] = 214
[5, 10, 200] = 215
[6, 10, 200] = 216
[7, 10, 200] = 217
[8, 10, 200] = 218
[9, 10, 200] = 219
[0, 20, 200] = 220
[1, 20, 200] = 221
[2, 20, 200] = 222
[3, 20, 200] = 223
[4, 20, 200] = 224
[5, 20, 200] = 225
[6, 20, 200] = 226
[7, 20, 200] = 227
[8, 20, 200] = 228
[9, 20, 200] = 229
[0, 30, 200] = 230
[1, 30, 200] = 231
[2, 30, 200] = 232
[3, 30, 200] = 233
[4, 30, 200] = 234
[5, 30, 200] = 235
[6, 30, 200] = 236
[7, 30, 200] = 237
[8, 30, 200] = 238
[9, 30, 200] = 239
[0, 40, 200] = 240
[1, 40, 200] = 241
[2, 40, 200] = 242
[3, 40, 200] = 243
[4, 40, 200] = 244
[5, 40, 200] = 245
[6, 40, 200] = 246
[7, 40, 200] = 247
[8, 40, 200] = 248
[9, 40, 200] = 249
[0, 50, 200] = 250
[1, 50, 200] = 251
[2, 50, 200] = 252
[3, 50, 200] = 253
[4, 50, 200] = 254
[5, 50, 200] = 255
[6, 50, 200] = 256
[7, 50, 200] = 257
[8, 50, 200] = 258
[9, 50, 200] = 259
[0, 60, 200] = 260
[1, 60, 200] = 261
[2, 60, 200] = 262
[3, 60, 200] = 263
[4, 60, 200] = 264
[5, 60, 200] = 265
[6, 60, 200] = 266
[7, 60, 200] = 267
[8, 60, 200] = 268
[9, 60, 200] = 269
[0, 70, 200] = 270
[1, 70, 200] = 271
[2, 70, 200] = 272
[3, 70, 200] = 273
[4, 70, 200] = 274
[5, 70, 200] = 275
[6, 70, 200] = 276
[7, 70, 200] = 277
[8, 70, 200] = 278
[9, 70, 200] = 279
[0, 80, 200] = 280
[1, 80, 200] = 281
[2, 80, 200] = 282
[3, 80, 200] = 283
[4, 80, 200] = 284
[5, 80, 200] = 285
[6, 80, 200] = 286
[7, 80, 200] = 287
[8, 80, 200] = 288
[9, 80, 200] = 289
[0, 90, 200] = 290
[1, 90, 200] = 291
[2, 90, 200] = 292
[3, 90, 200] = 293
[4, 90, 200] = 294
[5, 90, 200] = 295
[6, 90, 200] = 296
[7, 90, 200] = 297
[8, 90, 200] = 298
[9, 90, 200] = 299
[0, 0, 300] = 300
[1, 0, 300] = 301
[2, 0, 300] = 302
[3, 0, 300] = 303
[4, 0, 300] = 304
[5, 0, 300] = 305
[6, 0, 300] = 306
[7, 0, 300] = 307
[8, 0, 300] = 308
[9, 0, 300] = 309
[0, 10, 300] = 310
[1, 10, 300] = 311
[2, 10, 300] = 312
[3, 10, 300] = 313
[4, 10, 300] = 314
[5, 10, 300] = 315
[6, 10, 300] = 316
[7, 10, 300] = 317
[8, 10, 300] = 318
[9, 10, 300] = 319
[0, 20, 300] = 320
[1, 20, 300] = 321
[2, 20, 300] = 322
[3, 20, 300] = 323
[4, 20, 300] = 324
[5, 20, 300] = 325
[6, 20, 300] = 326
[7, 20, 300] = 327
[8, 20, 300] = 328
[9, 20, 300] = 329
[0, 30, 300] = 330
[1, 30, 300] = 331
[2, 30, 300] = 332
[3, 30, 300] = 333
[4, 30, 300] = 334
[5, 30, 300] = 335
[6, 30, 300] = 336
[7, 30, 300] = 337
[8, 30, 300] = 338
[9, 30, 300] = 339
[0, 40, 300] = 340
[1, 40, 300] = 341
[2, 40, 300] = 342
[3, 40, 300] = 343
[4, 40, 300] = 344
[5, 40, 300] = 345
[6, 40, 300] = 346
[7, 40, 300] = 347
[8, 40, 300] = 348
[9, 40, 300] = 349
[0, 50, 300] = 350
[1, 50, 300] = 351
[2, 50, 300] = 352
[3, 50, 300] = 353
[4, 50, 300] = 354
[5, 50, 300] = 355
[6, 50, 300] = 356
[7, 50, 300] = 357
[8, 50, 300] = 358
[9, 50, 300] = 359
[0, 60, 300] = 360
[1, 60, 300] = 361
[2, 60, 300] = 362
[3, 60, 300] = 363
[4, 60, 300] = 364
[5, 60, 300] = 365
[6, 60, 300] = 366
[7, 60, 300] = 367
[8, 60, 300] = 368
[9, 60, 300] = 369
[0, 70, 300] = 370
[1, 70, 300] = 371
[2, 70, 300] = 372
[3, 70, 300] = 373
[4, 70, 300] = 374
[5, 70, 300] = 375
[6, 70, 300] = 376
[7, 70, 300] = 377
[8, 70, 300] = 378
[9, 70, 300] = 379
[0, 80, 300] = 380
[1, 80, 300] = 381
[2, 80, 300] = 382
[3, 80, 300] = 383
[4, 80, 300] = 384
[5, 80, 300] = 385
[6, 80, 300] = 386
[7, 80, 300] = 387
[8, 80, 300] = 388
[9, 80, 300] = 389
[0, 90, 300] = 390
[1, 90, 300] = 391
[2, 90, 300] = 392
[3, 90, 300] = 393
[4, 90, 300] = 394
[5, 90, 300] = 395
[6, 90, 300] = 396
[7, 90, 300] = 397
[8, 90, 300] = 398
[9, 90, 300] = 399
[0, 0, 400] = 400
[1, 0, 400] = 401
[2, 0, 400] = 402
[3, 0, 400] = 403
[4, 0, 400] = 404
[5, 0, 400] = 405
[6, 0, 400] = 406
[7, 0, 400] = 407
[8, 0, 400] = 408
[9, 0, 400] = 409
[0, 10, 400] = 410
[1, 10, 400] = 411
[2, 10, 400] = 412
[3, 10, 400] = 413
[4, 10, 400] = 414
[5, 10, 400] = 415
[6, 10, 400] = 416
[7, 10, 400] = 417
[8, 10, 400] = 418
[9, 10, 400] = 419
[0, 20, 400] = 420
[1, 20, 400] = 421
[2, 20, 400] = 422
[3, 20, 400] = 423
[4, 20, 400] = 424
[5, 20, 400] = 425
[6, 20, 400] = 426
[7, 20, 400] = 427
[8, 20, 400] = 428
[9, 20, 400] = 429
[0, 30, 400] = 430
[1, 30, 400] = 431
[2, 30, 400] = 432
[3, 30, 400] = 433
[4, 30, 400] = 434
[5, 30, 400] = 435
[6, 30, 400] = 436
[7, 30, 400] = 437
[8, 30, 400] = 438
[9, 30, 400] = 439
[0, 40, 400] = 440
[1, 40, 400] = 441
[2, 40, 400] = 442
[3, 40, 400] = 443
[4, 40, 400] = 444
[5, 40, 400] = 445
[6, 40, 400] = 446
[7, 40, 400] = 447
[8, 40, 400] = 448
[9, 40, 400] = 449
[0, 50, 400] = 450
[1, 50, 400] = 451
[2, 50, 400] = 452
[3, 50, 400] = 453
[4, 50, 400] = 454
[5, 50, 400] = 455
[6, 50, 400] = 456
[7, 50, 400] = 457
[8, 50, 400] = 458
[9, 50, 400] = 459
[0, 60, 400] = 460
[1, 60, 400] = 461
[2, 60, 400] = 462
[3, 60, 400] = 463
[4, 60, 400] = 464
[5, 60, 400] = 465
[6, 60, 400] = 466
[7, 60, 400] = 467
[8, 60, 400] = 468
[9, 60, 400] = 469
[0, 70, 400] = 470
[1, 70, 400] = 471
[2, 70, 400] = 472
[3, 70, 400] = 473
[4, 70, 400] = 474
[5, 70, 400] = 475
[6, 70, 400] = 476
[7, 70, 400] = 477
[8, 70, 400] = 478
[9, 70, 400] = 479
[0, 80, 400] = 480
[1, 80, 400] = 481
[2, 80, 400] = 482
[3, 80, 400] = 483
[4, 80, 400] = 484
[5, 80, 400] = 485
[6, 80, 400] = 486
[7, 80, 400] = 487
[8, 80, 400] = 488
[9, 80, 400] = 489
[0, 90, 400] = 490
[1, 90, 400] = 491
[2, 90, 400] = 492
[3, 90, 400] = 493
[4, 90, 400] = 494
[5, 90, 400] = 495
[6, 90, 400] = 496
[7, 90, 400] = 497
[8, 90, 400] = 498
[9, 90, 400] = 499
[0, 0, 500] = 500
[1, 0, 500] = 501
[2, 0, 500] = 502
[3, 0, 500] = 503
[4, 0, 500] = 504
[5, 0, 500] = 505
[6, 0, 500] = 506
[7, 0, 500] = 507
[8, 0, 500] = 508
[9, 0, 500] = 509
[0, 10, 500] = 510
[1, 10, 500] = 511
[2, 10, 500] = 512
[3, 10, 500] = 513
[4, 10, 500] = 514
[5, 10, 500] = 515
[6, 10, 500] = 516
[7, 10, 500] = 517
[8, 10, 500] = 518
[9, 10, 500] = 519
[0, 20, 500] = 520
[1, 20, 500] = 521
[2, 20, 500] = 522
[3, 20, 500] = 523
[4, 20, 500] = 524
[5, 20, 500] = 525
[6, 20, 500] = 526
[7, 20, 500] = 527
[8, 20, 500] = 528
[9, 20, 500] = 529
[0, 30, 500] = 530
[1, 30, 500] = 531
[2, 30, 500] = 532
[3, 30, 500] = 533
[4, 30, 500] = 534
[5, 30, 500] = 535
[6, 30, 500] = 536
[7, 30, 500] = 537
[8, 30, 500] = 538
[9, 30, 500] = 539
[0, 40, 500] = 540
[1, 40, 500] = 541
[2, 40, 500] = 542
[3, 40, 500] = 543
[4, 40, 500] = 544
[5, 40, 500] = 545
[6, 40, 500] = 546
[7, 40, 500] = 547
[8, 40, 500] = 548
[9, 40, 500] = 549
[0, 50, 500] = 550
[1, 50, 500] = 551
[2, 50, 500] = 552
[3, 50, 500] = 553
[4, 50, 500] = 554
[5, 50, 500] = 555
[6, 50, 500] = 556
[7, 50, 500] = 557
[8, 50, 500] = 558
[9, 50, 500] = 559
[0, 60, 500] = 560
[1, 60, 500] = 561
[2, 60, 500] = 562
[3, 60, 500] = 563
[4, 60, 500] = 564
[5, 60, 500] = 565
[6, 60, 500] = 566
[7, 60, 500] = 567
[8, 60, 500] = 568
[9, 60, 500] = 569
[0, 70, 500] = 570
[1, 70, 500] = 571
[2, 70, 500] = 572
[3, 70, 500] = 573
[4, 70, 500] = 574
[5, 70, 500] = 575
[6, 70, 500] = 576
[7, 70, 500] = 577
[8, 70, 500] = 578
[9, 70, 500] = 579
[0, 80, 500] = 580
[1, 80, 500] = 581
[2, 80, 500] = 582
[3, 80, 500] = 583
[4, 80, 500] = 584
[5, 80, 500] = 585
[6, 80, 500] = 586
[7, 80, 500] = 587
[8, 80, 500] = 588
[9, 80, 500] = 589
[0, 90, 500] = 590
[1, 90, 500] = 591
[2, 90, 500] = 592
[3, 90, 500] = 593
[4, 90, 500] = 594
[5, 90, 500] = 595
[6, 90, 500] = 596
[7, 90, 500] = 597
[8, 90, 500] = 598
[9, 90, 500] = 599
[0, 0, 600] = 600
[1, 0, 600] = 601
[2, 0, 600] = 602
[3, 0, 600] = 603
[4, 0, 600] = 604
[5, 0, 600] = 605
[6, 0, 600] = 606
[7, 0, 600] = 607
[8, 0, 600] = 608
[9, 0, 600] = 609
[0, 10, 600] = 610
[1, 10, 600] = 611
[2, 10, 600] = 612
[3, 10, 600] = 613
[4, 10, 600] = 614
[5, 10, 600] = 615
[6, 10, 600] = 616
[7, 10, 600] = 617
[8, 10, 600] = 618
[9, 10, 600] = 619
[0, 20, 600] = 620
[1, 20, 600] = 621
[2, 20, 600] = 622
[3, 20, 600] = 623
[4, 20, 600] = 624
[5, 20, 600] = 625
[6, 20, 600] = 626
[7, 20, 600] = 627
[8, 20, 600] = 628
[9, 20, 600] = 629
[0, 30, 600] = 630
[1, 30, 600] = 631
[2, 30, 600] = 632
[3, 30, 600] = 633
[4, 30, 600] = 634
[5, 30, 600] = 635
[6, 30, 600] = 636
[7, 30, 600] = 637
[8, 30, 600] = 638
[9, 30, 600] = 639
[0, 40, 600] = 640
[1, 40, 600] = 641
[2, 40, 600] = 642
[3, 40, 600] = 643
[4, 40, 600] = 644
[5, 40, 600] = 645
[6, 40, 600] = 646
[7, 40, 600] = 647
[8, 40, 600] = 648
[9, 40, 600] = 649
[0, 50, 600] = 650
[1, 50, 600] = 651
[2, 50, 600] = 652
[3, 50, 600] = 653
[4, 50, 600] = 654
[5, 50, 600] = 655
[6, 50, 600] = 656
[7, 50, 600] = 657
[8, 50, 600] = 658
[9, 50, 600] = 659
[0, 60, 600] = 660
[1, 60, 600] = 661
[2, 60, 600] = 662
[3, 60, 600] = 663
[4, 60, 600] = 664
[5, 60, 600] = 665
[6, 60, 600] = 666
[7, 60, 600] = 667
[8, 60, 600] = 668
[9, 60, 600] = 669
[0, 70, 600] = 670
[1, 70, 600] = 671
[2, 70, 600] = 672
[3, 70, 600] = 673
[4, 70, 600] = 674
[5, 70, 600] = 675
[6, 70, 600] = 676
[7, 70, 600] = 677
[8, 70, 600] = 678
[9, 70, 600] = 679
[0, 80, 600] = 680
[1, 80, 600] = 681
[2, 80, 600] = 682
[3, 80, 600] = 683
[4, 80, 600] = 684
[5, 80, 600] = 685
[6, 80, 600] = 686
[7, 80, 600] = 687
[8, 80, 600] = 688
[9, 80, 600] = 689
[0, 90, 600] = 690
[1, 90, 600] = 691
[2, 90, 600] = 692
[3, 90, 600] = 693
[4, 90, 600] = 694
[5, 90, 600] = 695
[6, 90, 600] = 696
[7, 90, 600] = 697
[8, 90, 600] = 698
[9, 90, 600] = 699
[0, 0, 700] = 700
[1, 0, 700] = 701
[2, 0, 700] = 702
[3, 0, 700] = 703
[4, 0, 700] = 704
[5, 0, 700] = 705
[6, 0, 700] = 706
[7, 0, 700] = 707
[8, 0, 700] = 708
[9, 0, 700] = 709
[0, 10, 700] = 710
[1, 10, 700] = 711
[2, 10, 700] = 712
[3, 10, 700] = 713
[4, 10, 700] = 714
[5, 10, 700] = 715
[6, 10, 700] = 716
[7, 10, 700] = 717
[8, 10, 700] = 718
[9, 10, 700] = 719
[0, 20, 700] = 720
[1, 20, 700] = 721
[2, 20, 700] = 722
[3, 20, 700] = 723
[4, 20, 700] = 724
[5, 20, 700] = 725
[6, 20, 700] = 726
[7, 20, 700] = 727
[8, 20, 700] = 728
[9, 20, 700] = 729
[0, 30, 700] = 730
[1, 30, 700] = 731
[2, 30, 700] = 732
[3, 30, 700] = 733
[4, 30, 700] = 734
[5, 30, 700] = 735
[6, 30, 700] = 736
[7, 30, 700] = 737
[8, 30, 700] = 738
[9, 30, 700] = 739
[0, 40, 700] = 740
[1, 40, 700] = 741
[2, 40, 700] = 742
[3, 40, 700] = 743
[4, 40, 700] = 744
[5, 40, 700] = 745
[6, 40, 700] = 746
[7, 40, 700] = 747
[8, 40, 700] = 748
[9, 40, 700] = 749
[0, 50, 700] = 750
[1, 50, 700] = 751
[2, 50, 700] = 752
[3, 50, 700] = 753
[4, 50, 700] = 754
[5, 50, 700] = 755
[6, 50, 700] = 756
[7, 50, 700] = 757
[8, 50, 700] = 758
[9, 50, 700] = 759
[0, 60, 700] = 760
[1, 60, 700] = 761
[2, 60, 700] = 762
[3, 60, 700] = 763
[4, 60, 700] = 764
[5, 60, 700] = 765
[6, 60, 700] = 766
[7, 60, 700] = 767
[8, 60, 700] = 768
[9, 60, 700] = 769
[0, 70, 700] = 770
[1, 70, 700] = 771
[2, 70, 700] = 772
[3, 70, 700] = 773
[4, 70, 700] = 774
[5, 70, 700] = 775
[6, 70, 700] = 776
[7, 70, 700] = 777
[8, 70, 700] = 778
[9, 70, 700] = 779
[0, 80, 700] = 780
[1, 80, 700] = 781
[2, 80, 700] = 782
[3, 80, 700] = 783
[4, 80, 700] = 784
[5, 80, 700] = 785
[6, 80, 700] = 786
[7, 80, 700] = 787
[8, 80, 700] = 788
[9, 80, 700] = 789
[0, 90, 700] = 790
[1, 90, 700] = 791
[2, 90, 700] = 792
[3, 90, 700] = 793
[4, 90, 700] = 794
[5, 90, 700] = 795
[6, 90, 700] = 796
[7, 90, 700] = 797
[8, 90, 700] = 798
[9, 90, 700] = 799
[0, 0, 800] = 800
[1, 0, 800] = 801
[2, 0, 800] = 802
[3, 0, 800] = 803
[4, 0, 800] = 804
[5, 0, 800] = 805
[6, 0, 800] = 806
[7, 0, 800] = 807
[8, 0, 800] = 808
[9, 0, 800] = 809
[0, 10, 800] = 810
[1, 10, 800] = 811
[2, 10, 800] = 812
[3, 10, 800] = 813
[4, 10, 800] = 814
[5, 10, 800] = 815
[6, 10, 800] = 816
[7, 10, 800] = 817
[8, 10, 800] = 818
[9, 10, 800] = 819
[0, 20, 800] = 820
[1, 20, 800] = 821
[2, 20, 800] = 822
[3, 20, 800] = 823
[4, 20, 800] = 824
[5, 20, 800] = 825
[6, 20, 800] = 826
[7, 20, 800] = 827
[8, 20, 800] = 828
[9, 20, 800] = 829
[0, 30, 800] = 830
[1, 30, 800] = 831
[2, 30, 800] = 832
[3, 30, 800] = 833
[4, 30, 800] = 834
[5, 30, 800] = 835
[6, 30, 800] = 836
[7, 30, 800] = 837
[8, 30, 800] = 838
[9, 30, 800] = 839
[0, 40, 800] = 840
[1, 40, 800] = 841
[2, 40, 800] = 842
[3, 40, 800] = 843
[4, 40, 800] = 844
[5, 40, 800] = 845
[6, 40, 800] = 846
[7, 40, 800] = 847
[8, 40, 800] = 848
[9, 40, 800] = 849
[0, 50, 800] = 850
[1, 50, 800] = 851
[2, 50, 800] = 852
[3, 50, 800] = 853
[4, 50, 800] = 854
[5, 50, 800] = 855
[6, 50, 800] = 856
[7, 50, 800] = 857
[8, 50, 800] = 858
[9, 50, 800] = 859
[0, 60, 800] = 860
[1, 60, 800] = 861
[2, 60, 800] = 862
[3, 60, 800] = 863
[4, 60, 800] = 864
[5, 60, 800] = 865
[6, 60, 800] = 866
[7, 60, 800] = 867
[8, 60, 800] = 868
[9, 60, 800] = 869
[0, 70, 800] = 870
[1, 70, 800] = 871
[2, 70, 800] = 872
[3, 70, 800] = 873
[4, 70, 800] = 874
[5, 70, 800] = 875
[6, 70, 800] = 876
[7, 70, 800] = 877
[8, 70, 800] = 878
[9, 70, 800] = 879
[0, 80, 800] = 880
[1, 80, 800] = 881
[2, 80, 800] = 882
[3, 80, 800] = 883
[4, 80, 800] = 884
[5, 80, 800] = 885
[6, 80, 800] = 886
[7, 80, 800] = 887
[8, 80, 800] = 888
[9, 80, 800] = 889
[0, 90, 800] = 890
[1, 90, 800] = 891
[2, 90, 800] = 892
[3, 90, 800] = 893
[4, 90, 800] = 894
[5, 90, 800] = 895
[6, 90, 800] = 896
[7, 90, 800] = 897
[8, 90, 800] = 898
[9, 90, 800] = 899
[0, 0, 900] = 900
[1, 0, 900] = 901
[2, 0, 900] = 902
[3, 0, 900] = 903
[4, 0, 900] = 904
[5, 0, 900] = 905
[6, 0, 900] = 906
[7, 0, 900] = 907
[8, 0, 900] = 908
[9, 0, 900] = 909
[0, 10, 900] = 910
[1, 10, 900] = 911
[2, 10, 900] = 912
[3, 10, 900] = 913
[4, 10, 900] = 914
[5, 10, 900] = 915
[6, 10, 900] = 916
[7, 10, 900] = 917
[8, 10, 900] = 918
[9, 10, 900] = 919
[0, 20, 900] = 920
[1, 20, 900] = 921
[2, 20, 900] = 922
[3, 20, 900] = 923
[4, 20, 900] = 924
[5, 20, 900] = 925
[6, 20, 900] = 926
[7, 20, 900] = 927
[8, 20, 900] = 928
[9, 20, 900] = 929
[0, 30, 900] = 930
[1, 30, 900] = 931
[2, 30, 900] = 932
[3, 30, 900] = 933
[4, 30, 900] = 934
[5, 30, 900] = 935
[6, 30, 900] = 936
[7, 30, 900] = 937
[8, 30, 900] = 938
[9, 30, 900] = 939
[0, 40, 900] = 940
[1, 40, 900] = 941
[2, 40, 900] = 942
[3, 40, 900] = 943
[4, 40, 900] = 944
[5, 40, 900] = 945
[6, 40, 900] = 946
[7, 40, 900] = 947
[8, 40, 900] = 948
[9, 40, 900] = 949
[0, 50, 900] = 950
[1, 50, 900] = 951
[2, 50, 900] = 952
[3, 50, 900] = 953
[4, 50, 900] = 954
[5, 50, 900] = 955
[6, 50, 900] = 956
[7, 50, 900] = 957
[8, 50, 900] = 958
[9, 50, 900] = 959
[0, 60, 900] = 960
[1, 60, 900] = 961
[2, 60, 900] = 962
[3, 60, 900] = 963
[4, 60, 900] = 964
[5, 60, 900] = 965
[6, 60, 900] = 966
[7, 60, 900] = 967
[8, 60, 900] = 968
[9, 60, 900] = 969
[0, 70, 900] = 970
[1, 70, 900] = 971
[2, 70, 900] = 972
[3, 70, 900] = 973
[4, 70, 900] = 974
[5, 70, 900] = 975
[6, 70, 900] = 976
[7, 70, 900] = 977
[8, 70, 900] = 978
[9, 70, 900] = 979
[0, 80, 900] = 980
[1, 80, 900] = 981
[2, 80, 900] = 982
[3, 80, 900] = 983
[4, 80, 900] = 984
[5, 80, 900] = 985
[6, 80, 900] = 986
[7, 80, 900] = 987
[8, 80, 900] = 988
[9, 80, 900] = 989
[0, 90, 900] = 990
[1, 90, 900] = 991
[2, 90, 900] = 992
[3, 90, 900] = 993
[4, 90, 900] = 994
[5, 90, 900] = 995
[6, 90, 900] = 996
[7, 90, 900] = 997
[8, 90, 900] = 998
[9, 90, 900] = 999
