Lista com : 1000
+0 = [0]
+1 = [1]
+2 = [2]
+3 = [3]
+4 = [4]
+5 = [5]
+6 = [6]
+7 = [7]
+8 = [8]
+9 = [9]
+10 = [0, 10]
+11 = [1, 10]
+12 = [2, 10]
+13 = [3, 10]
+14 = [4, 10]
+15 = [5, 10]
+16 = [6, 10]
+17 = [7, 10]
+18 = [8, 10]
+19 = [9, 10]
+20 = [0, 20]
+21 = [1, 20]
+22 = [2, 20]
+23 = [3, 20]
+24 = [4, 20]
+25 = [5, 20]
+26 = [6, 20]
+27 = [7, 20]
+28 = [8, 20]
+29 = [9, 20]
+30 = [0, 30]
+31 = [1, 30]
+32 = [2, 30]
+33 = [3, 30]
+34 = [4, 30]
+35 = [5, 30]
+36 = [6, 30]
+37 = [7, 30]
+38 = [8, 30]
+39 = [9, 30]
+40 = [0, 40]
+41 = [1, 40]
+42 = [2, 40]
+43 = [3, 40]
+44 = [4, 40]
+45 = [5, 40]
+46 = [6, 40]
+47 = [7, 40]
+48 = [8, 40]
+49 = [9, 40]
+50 = [0, 50]
+51 = [1, 50]
+52 = [2, 50]
+53 = [3, 50]
+54 = [4, 50]
+55 = [5, 50]
+56 = [6, 50]
+57 = [7, 50]
+58 = [8, 50]
+59 = [9, 50]
+60 = [0, 60]
+61 = [1, 60]
+62 = [2, 60]
+63 = [3, 60]
+64 = [4, 60]
+65 = [5, 60]
+66 = [6, 60]
+67 = [7, 60]
+68 = [8, 60]
+69 = [9, 60]
+70 = [0, 70]
+71 = [1, 70]
+72 = [2, 70]
+73 = [3, 70]
+74 = [4, 70]
+75 = [5, 70]
+76 = [6, 70]
+77 = [7, 70]
+78 = [8, 70]
+79 = [9, 70]
+80 = [0, 80]
+81 = [1, 80]
+82 = [2, 80]
+83 = [3, 80]
+84 = [4, 80]
+85 = [5, 80]
+86 = [6, 80]
+87 = [7, 80]
+88 = [8, 80]
+89 = [9, 80]
+90 = [0, 90]
+91 = [1, 90]
+92 = [2, 90]
+93 = [3, 90]
+94 = [4, 90]
+95 = [5, 90]
+96 = [6, 90]
+97 = [7, 90]
+98 = [8, 90]
+99 = [9, 90]
+100 = [0, 0, 100]
+101 = [0, 1, 100]
+102 = [0, 2, 100]
+103 = [0, 3, 100]
+104 = [0, 4, 100]
+105 = [0, 5, 100]
+106 = [0, 6, 100]
+107 = [0, 7, 100]
+108 = [0, 8, 100]
+109 = [0, 9, 100]
+110 = [0, 10, 100]
+111 = [1, 10, 100]
+112 = [2, 10, 100]
+113 = [3, 10, 100]
+114 = [4, 10, 100]
+115 = [5, 10, 100]
+116 = [6, 10, 100]
+117 = [7, 10, 100]
+118 = [8, 10, 100]
+119 = [9, 10, 100]
+120 = [0, 20, 100]
+121 = [1, 20, 100]
+122 = [2, 20, 100]
+123 = [3, 20, 100]
+124 = [4, 20, 100]
+125 = [5, 20, 100]
+126 = [6, 20, 100]
+127 = [7, 20, 100]
+128 = [8, 20, 100]
+129 = [9, 20, 100]
+130 = [0, 30, 100]
+131 = [1, 30, 100]
+132 = [2, 30, 100]
+133 = [3, 30, 100]
+134 = [4, 30, 100]
+135 = [5, 30, 100]
+136 = [6, 30, 100]
+137 = [7, 30, 100]
+138 = [8, 30, 100]
+139 = [9, 30, 100]
+140 = [0, 40, 100]
+141 = [1, 40, 100]
+142 = [2, 40, 100]
+143 = [3, 40, 100]
+144 = [4, 40, 100]
+145 = [5, 40, 100]
+146 = [6, 40, 100]
+147 = [7, 40, 100]
+148 = [8, 40, 100]
+149 = [9, 40, 100]
+150 = [0, 50, 100]
+151 = [1, 50, 100]
+152 = [2, 50, 100]
+153 = [3, 50, 100]
+154 = [4, 50, 100]
+155 = [5, 50, 100]
+156 = [6, 50, 100]
+157 = [7, 50, 100]
+158 = [8, 50, 100]
+159 = [9, 50, 100]
+160 = [0, 60, 100]
+161 = [1, 60, 100]
+162 = [2, 60, 100]
+163 = [3, 60, 100]
+164 = [4, 60, 100]
+165 = [5, 60, 100]
+166 = [6, 60, 100]
+167 = [7, 60, 100]
+168 = [8, 60, 100]
+169 = [9, 60, 100]
+170 = [0, 70, 100]
+171 = [1, 70, 100]
+172 = [2, 70, 100]
+173 = [3, 70, 100]
+174 = [4, 70, 100]
+175 = [5, 70, 100]
+176 = [6, 70, 100]
+177 = [7, 70, 100]
+178 = [8, 70, 100]
+179 = [9, 70, 100]
+180 = [0, 80, 100]
+181 = [1, 80, 100]
+182 = [2, 80, 100]
+183 = [3, 80, 100]
+184 = [4, 80, 100]
+185 = [5, 80, 100]
+186 = [6, 80, 100]
+187 = [7, 80, 100]
+188 = [8, 80, 100]
+189 = [9, 80, 100]
+190 = [0, 90, 100]
+191 = [1, 90, 100]
+192 = [2, 90, 100]
+193 = [3, 90, 100]
+194 = [4, 90, 100]
+195 = [5, 90, 100]
+196 = [6, 90, 100]
+197 = [7, 90, 100]
+198 = [8, 90, 100]
+199 = [9, 90, 100]
+200 = [0, 0, 200]
+201 = [0, 1, 200]
+202 = [0, 2, 200]
+203 = [0, 3, 200]
+204 = [0, 4, 200]
+205 = [0, 5, 200]
+206 = [0, 6, 200]
+207 = [0, 7, 200]
+208 = [0, 8, 200]
+209 = [0, 9, 200]
+210 = [0, 10, 200]
+211 = [1, 10, 200]
+212 = [2, 10, 200]
+213 = [3, 10, 200]
+214 = [4, 10, 200]
+215 = [5, 10, 200]
+216 = [6, 10, 200]
+217 = [7, 10, 200]
+218 = [8, 10, 200]
+219 = [9, 10, 200]
+220 = [0, 20, 200]
+221 = [1, 20, 200]
+222 = [2, 20, 200]
+223 = [3, 20, 200]
+224 = [4, 20, 200]
+225 = [5, 20, 200]
+226 = [6, 20, 200]
+227 = [7, 20, 200]
+228 = [8, 20, 200]
+229 = [9, 20, 200]
+230 = [0, 30, 200]
+231 = [1, 30, 200]
+232 = [2, 30, 200]
+233 = [3, 30, 200]
+234 = [4, 30, 200]
+235 = [5, 30, 200]
+236 = [6, 30, 200]
+237 = [7, 30, 200]
+238 = [8, 30, 200]
+239 = [9, 30, 200]
+240 = [0, 40, 200]
+241 = [1, 40, 200]
+242 = [2, 40, 200]
+243 = [3, 40, 200]
+244 = [4, 40, 200]
+245 = [5, 40, 200]
+246 = [6, 40, 200]
+247 = [7, 40, 200]
+248 = [8, 40, 200]
+249 = [9, 40, 200]
+250 = [0, 50, 200]
+251 = [1, 50, 200]
+252 = [2, 50, 200]
+253 = [3, 50, 200]
+254 = [4, 50, 200]
+255 = [5, 50, 200]
+256 = [6, 50, 200]
+257 = [7, 50, 200]
+258 = [8, 50, 200]
+259 = [9, 50, 200]
+260 = [0, 60, 200]
+261 = [1, 60, 200]
+262 = [2, 60, 200]
+263 = [3, 60, 200]
+264 = [4, 60, 200]
+265 = [5, 60, 200]
+266 = [6, 60, 200]
+267 = [7, 60, 200]
+268 = [8, 60, 200]
+269 = [9, 60, 200]
+270 = [0, 70, 200]
+271 = [1, 70, 200]
+272 = [2, 70, 200]
+273 = [3, 70, 200]
+274 = [4, 70, 200]
+275 = [5, 70, 200]
+276 = [6, 70, 200]
+277 = [7, 70, 200]
+278 = [8, 70, 200]
+279 = [9, 70, 200]
+280 = [0, 80, 200]
+281 = [1, 80, 200]
+282 = [2, 80, 200]
+283 = [3, 80, 200]
+284 = [4, 80, 200]
+285 = [5, 80, 200]
+286 = [6, 80, 200]
+287 = [7, 80, 200]
+288 = [8, 80, 200]
+289 = [9, 80, 200]
+290 = [0, 90, 200]
+291 = [1, 90, 200]
+292 = [2, 90, 200]
+293 = [3, 90, 200]
+294 = [4, 90, 200]
+295 = [5, 90, 200]
+296 = [6, 90, 200]
+297 = [7, 90, 200]
+298 = [8, 90, 200]
+299 = [9, 90, 200]
+300 = [0, 0, 300]
+301 = [0, 1, 300]
+302 = [0, 2, 300]
+303 = [0, 3, 300]
+304 = [0, 4, 300]
+305 = [0, 5, 300]
+306 = [0, 6, 300]
+307 = [0, 7, 300]
+308 = [0, 8, 300]
+309 = [0, 9, 300]
+310 = [0, 10, 300]
+311 = [1, 10, 300]
+312 = [2, 10, 300]
+313 = [3, 10, 300]
+314 = [4, 10, 300]
+315 = [5, 10, 300]
+316 = [6, 10, 300]
+317 = [7, 10, 300]
+318 = [8, 10, 300]
+319 = [9, 10, 300]
+320 = [0, 20, 300]
+321 = [1, 20, 300]
+322 = [2, 20, 300]
+323 = [3, 20, 300]
+324 = [4, 20, 300]
+325 = [5, 20, 300]
+326 = [6, 20, 300]
+327 = [7, 20, 300]
+328 = [8, 20, 300]
+329 = [9, 20, 300]
+330 = [0, 30, 300]
+331 = [1, 30, 300]
+332 = [2, 30, 300]
+333 = [3, 30, 300]
+334 = [4, 30, 300]
+335 = [5, 30, 300]
+336 = [6, 30, 300]
+337 = [7, 30, 300]
+338 = [8, 30, 300]
+339 = [9, 30, 300]
+340 = [0, 40, 300]
+341 = [1, 40, 300]
+342 = [2, 40, 300]
+343 = [3, 40, 300]
+344 = [4, 40, 300]
+345 = [5, 40, 300]
+346 = [6, 40, 300]
+347 = [7, 40, 300]
+348 = [8, 40, 300]
+349 = [9, 40, 300]
+350 = [0, 50, 300]
+351 = [1, 50, 300]
+352 = [2, 50, 300]
+353 = [3, 50, 300]
+354 = [4, 50, 300]
+355 = [5, 50, 300]
+356 = [6, 50, 300]
+357 = [7, 50, 300]
+358 = [8, 50, 300]
+359 = [9, 50, 300]
+360 = [0, 60, 300]
+361 = [1, 60, 300]
+362 = [2, 60, 300]
+363 = [3, 60, 300]
+364 = [4, 60, 300]
+365 = [5, 60, 300]
+366 = [6, 60, 300]
+367 = [7, 60, 300]
+368 = [8, 60, 300]
+369 = [9, 60, 300]
+370 = [0, 70, 300]
+371 = [1, 70, 300]
+372 = [2, 70, 300]
+373 = [3, 70, 300]
+374 = [4, 70, 300]
+375 = [5, 70, 300]
+376 = [6, 70, 300]
+377 = [7, 70, 300]
+378 = [8, 70, 300]
+379 = [9, 70, 300]
+380 = [0, 80, 300]
+381 = [1, 80, 300]
+382 = [2, 80, 300]
+383 = [3, 80, 300]
+384 = [4, 80, 300]
+385 = [5, 80, 300]
+386 = [6, 80, 300]
+387 = [7, 80, 300]
+388 = [8, 80, 300]
+389 = [9, 80, 300]
+390 = [0, 90, 300]
+391 = [1, 90, 300]
+392 = [2, 90, 300]
+393 = [3, 90, 300]
+394 = [4, 90, 300]
+395 = [5, 90, 300]
+396 = [6, 90, 300]
+397 = [7, 90, 300]
+398 = [8, 90, 300]
+399 = [9, 90, 300]
+400 = [0, 0, 400]
+401 = [0, 1, 400]
+402 = [0, 2, 400]
+403 = [0, 3, 400]
+404 = [0, 4, 400]
+405 = [0, 5, 400]
+406 = [0, 6, 400]
+407 = [0, 7, 400]
+408 = [0, 8, 400]
+409 = [0, 9, 400]
+410 = [0, 10, 400]
+411 = [1, 10, 400]
+412 = [2, 10, 400]
+413 = [3, 10, 400]
+414 = [4, 10, 400]
+415 = [5, 10, 400]
+416 = [6, 10, 400]
+417 = [7, 10, 400]
+418 = [8, 10, 400]
+419 = [9, 10, 400]
+420 = [0, 20, 400]
+421 = [1, 20, 400]
+422 = [2, 20, 400]
+423 = [3, 20, 400]
+424 = [4, 20, 400]
+425 = [5, 20, 400]
+426 = [6, 20, 400]
+427 = [7, 20, 400]
+428 = [8, 20, 400]
+429 = [9, 20, 400]
+430 = [0, 30, 400]
+431 = [1, 30, 400]
+432 = [2, 30, 400]
+433 = [3, 30, 400]
+434 = [4, 30, 400]
+435 = [5, 30, 400]
+436 = [6, 30, 400]
+437 = [7, 30, 400]
+438 = [8, 30, 400]
+439 = [9, 30, 400]
+440 = [0, 40, 400]
+441 = [1, 40, 400]
+442 = [2, 40, 400]
+443 = [3, 40, 400]
+444 = [4, 40, 400]
+445 = [5, 40, 400]
+446 = [6, 40, 400]
+447 = [7, 40, 400]
+448 = [8, 40, 400]
+449 = [9, 40, 400]
+450 = [0, 50, 400]
+451 = [1, 50, 400]
+452 = [2, 50, 400]
+453 = [3, 50, 400]
+454 = [4, 50, 400]
+455 = [5, 50, 400]
+456 = [6, 50, 400]
+457 = [7, 50, 400]
+458 = [8, 50, 400]
+459 = [9, 50, 400]
+460 = [0, 60, 400]
+461 = [1, 60, 400]
+462 = [2, 60, 400]
+463 = [3, 60, 400]
+464 = [4, 60, 400]
+465 = [5, 60, 400]
+466 = [6, 60, 400]
+467 = [7, 60, 400]
+468 = [8, 60, 400]
+469 = [9, 60, 400]
+470 = [0, 70, 400]
+471 = [1, 70, 400]
+472 = [2, 70, 400]
+473 = [3, 70, 400]
+474 = [4, 70, 400]
+475 = [5, 70, 400]
+476 = [6, 70, 400]
+477 = [7, 70, 400]
+478 = [8, 70, 400]
+479 = [9, 70, 400]
+480 = [0, 80, 400]
+481 = [1, 80, 400]
+482 = [2, 80, 400]
+483 = [3, 80, 400]
+484 = [4, 80, 400]
+485 = [5, 80, 400]
+486 = [6, 80, 400]
+487 = [7, 80, 400]
+488 = [8, 80, 400]
+489 = [9, 80, 400]
+490 = [0, 90, 400]
+491 = [1, 90, 400]
+492 = [2, 90, 400]
+493 = [3, 90, 400]
+494 = [4, 90, 400]
+495 = [5, 90, 400]
+496 = [6, 90, 400]
+497 = [7, 90, 400]
+498 = [8, 90, 400]
+499 = [9, 90, 400]
+500 = [0, 0, 500]
+501 = [0, 1, 500]
+502 = [0, 2, 500]
+503 = [0, 3, 500]
+504 = [0, 4, 500]
+505 = [0, 5, 500]
+506 = [0, 6, 500]
+507 = [0, 7, 500]
+508 = [0, 8, 500]
+509 = [0, 9, 500]
+510 = [0, 10, 500]
+511 = [1, 10, 500]
+512 = [2, 10, 500]
+513 = [3, 10, 500]
+514 = [4, 10, 500]
+515 = [5, 10, 500]
+516 = [6, 10, 500]
+517 = [7, 10, 500]
+518 = [8, 10, 500]
+519 = [9, 10, 500]
+520 = [0, 20, 500]
+521 = [1, 20, 500]
+522 = [2, 20, 500]
+523 = [3, 20, 500]
+524 = [4, 20, 500]
+525 = [5, 20, 500]
+526 = [6, 20, 500]
+527 = [7, 20, 500]
+528 = [8, 20, 500]
+529 = [9, 20, 500]
+530 = [0, 30, 500]
+531 = [1, 30, 500]
+532 = [2, 30, 500]
+533 = [3, 30, 500]
+534 = [4, 30, 500]
+535 = [5, 30, 500]
+536 = [6, 30, 500]
+537 = [7, 30, 500]
+538 = [8, 30, 500]
+539 = [9, 30, 500]
+540 = [0, 40, 500]
+541 = [1, 40, 500]
+542 = [2, 40, 500]
+543 = [3, 40, 500]
+544 = [4, 40, 500]
+545 = [5, 40, 500]
+546 = [6, 40, 500]
+547 = [7, 40, 500]
+548 = [8, 40, 500]
+549 = [9, 40, 500]
+550 = [0, 50, 500]
+551 = [1, 50, 500]
+552 = [2, 50, 500]
+553 = [3, 50, 500]
+554 = [4, 50, 500]
+555 = [5, 50, 500]
+556 = [6, 50, 500]
+557 = [7, 50, 500]
+558 = [8, 50, 500]
+559 = [9, 50, 500]
+560 = [0, 60, 500]
+561 = [1, 60, 500]
+562 = [2, 60, 500]
+563 = [3, 60, 500]
+564 = [4, 60, 500]
+565 = [5, 60, 500]
+566 = [6, 60, 500]
+567 = [7, 60, 500]
+568 = [8, 60, 500]
+569 = [9, 60, 500]
+570 = [0, 70, 500]
+571 = [1, 70, 500]
+572 = [2, 70, 500]
+573 = [3, 70, 500]
+574 = [4, 70, 500]
+575 = [5, 70, 500]
+576 = [6, 70, 500]
+577 = [7, 70, 500]
+578 = [8, 70, 500]
+579 = [9, 70, 500]
+580 = [0, 80, 500]
+581 = [1, 80, 500]
+582 = [2, 80, 500]
+583 = [3, 80, 500]
+584 = [4, 80, 500]
+585 = [5, 80, 500]
+586 = [6, 80, 500]
+587 = [7, 80, 500]
+588 = [8, 80, 500]
+589 = [9, 80, 500]
+590 = [0, 90, 500]
+591 = [1, 90, 500]
+592 = [2, 90, 500]
+593 = [3, 90, 500]
+594 = [4, 90, 500]
+595 = [5, 90, 500]
+596 = [6, 90, 500]
+597 = [7, 90, 500]
+598 = [8, 90, 500]
+599 = [9, 90, 500]
+600 = [0, 0, 600]
+601 = [0, 1, 600]
+602 = [0, 2, 600]
+603 = [0, 3, 600]
+604 = [0, 4, 600]
+605 = [0, 5, 600]
+606 = [0, 6, 600]
+607 = [0, 7, 600]
+608 = [0, 8, 600]
+609 = [0, 9, 600]
+610 = [0, 10, 600]
+611 = [1, 10, 600]
+612 = [2, 10, 600]
+613 = [3, 10, 600]
+614 = [4, 10, 600]
+615 = [5, 10, 600]
+616 = [6, 10, 600]
+617 = [7, 10, 600]
+618 = [8, 10, 600]
+619 = [9, 10, 600]
+620 = [0, 20, 600]
+621 = [1, 20, 600]
+622 = [2, 20, 600]
+623 = [3, 20, 600]
+624 = [4, 20, 600]
+625 = [5, 20, 600]
+626 = [6, 20, 600]
+627 = [7, 20, 600]
+628 = [8, 20, 600]
+629 = [9, 20, 600]
+630 = [0, 30, 600]
+631 = [1, 30, 600]
+632 = [2, 30, 600]
+633 = [3, 30, 600]
+634 = [4, 30, 600]
+635 = [5, 30, 600]
+636 = [6, 30, 600]
+637 = [7, 30, 600]
+638 = [8, 30, 600]
+639 = [9, 30, 600]
+640 = [0, 40, 600]
+641 = [1, 40, 600]
+642 = [2, 40, 600]
+643 = [3, 40, 600]
+644 = [4, 40, 600]
+645 = [5, 40, 600]
+646 = [6, 40, 600]
+647 = [7, 40, 600]
+648 = [8, 40, 600]
+649 = [9, 40, 600]
+650 = [0, 50, 600]
+651 = [1, 50, 600]
+652 = [2, 50, 600]
+653 = [3, 50, 600]
+654 = [4, 50, 600]
+655 = [5, 50, 600]
+656 = [6, 50, 600]
+657 = [7, 50, 600]
+658 = [8, 50, 600]
+659 = [9, 50, 600]
+660 = [0, 60, 600]
+661 = [1, 60, 600]
+662 = [2, 60, 600]
+663 = [3, 60, 600]
+664 = [4, 60, 600]
+665 = [5, 60, 600]
+666 = [6, 60, 600]
+667 = [7, 60, 600]
+668 = [8, 60, 600]
+669 = [9, 60, 600]
+670 = [0, 70, 600]
+671 = [1, 70, 600]
+672 = [2, 70, 600]
+673 = [3, 70, 600]
+674 = [4, 70, 600]
+675 = [5, 70, 600]
+676 = [6, 70, 600]
+677 = [7, 70, 600]
+678 = [8, 70, 600]
+679 = [9, 70, 600]
+680 = [0, 80, 600]
+681 = [1, 80, 600]
+682 = [2, 80, 600]
+683 = [3, 80, 600]
+684 = [4, 80, 600]
+685 = [5, 80, 600]
+686 = [6, 80, 600]
+687 = [7, 80, 600]
+688 = [8, 80, 600]
+689 = [9, 80, 600]
+690 = [0, 90, 600]
+691 = [1, 90, 600]
+692 = [2, 90, 600]
+693 = [3, 90, 600]
+694 = [4, 90, 600]
+695 = [5, 90, 600]
+696 = [6, 90, 600]
+697 = [7, 90, 600]
+698 = [8, 90, 600]
+699 = [9, 90, 600]
+700 = [0, 0, 700]
+701 = [0, 1, 700]
+702 = [0, 2, 700]
+703 = [0, 3, 700]
+704 = [0, 4, 700]
+705 = [0, 5, 700]
+706 = [0, 6, 700]
+707 = [0, 7, 700]
+708 = [0, 8, 700]
+709 = [0, 9, 700]
+710 = [0, 10, 700]
+711 = [1, 10, 700]
+712 = [2, 10, 700]
+713 = [3, 10, 700]
+714 = [4, 10, 700]
+715 = [5, 10, 700]
+716 = [6, 10, 700]
+717 = [7, 10, 700]
+718 = [8, 10, 700]
+719 = [9, 10, 700]
+720 = [0, 20, 700]
+721 = [1, 20, 700]
+722 = [2, 20, 700]
+723 = [3, 20, 700]
+724 = [4, 20, 700]
+725 = [5, 20, 700]
+726 = [6, 20, 700]
+727 = [7, 20, 700]
+728 = [8, 20, 700]
+729 = [9, 20, 700]
+730 = [0, 30, 700]
+731 = [1, 30, 700]
+732 = [2, 30, 700]
+733 = [3, 30, 700]
+734 = [4, 30, 700]
+735 = [5, 30, 700]
+736 = [6, 30, 700]
+737 = [7, 30, 700]
+738 = [8, 30, 700]
+739 = [9, 30, 700]
+740 = [0, 40, 700]
+741 = [1, 40, 700]
+742 = [2, 40, 700]
+743 = [3, 40, 700]
+744 = [4, 40, 700]
+745 = [5, 40, 700]
+746 = [6, 40, 700]
+747 = [7, 40, 700]
+748 = [8, 40, 700]
+749 = [9, 40, 700]
+750 = [0, 50, 700]
+751 = [1, 50, 700]
+752 = [2, 50, 700]
+753 = [3, 50, 700]
+754 = [4, 50, 700]
+755 = [5, 50, 700]
+756 = [6, 50, 700]
+757 = [7, 50, 700]
+758 = [8, 50, 700]
+759 = [9, 50, 700]
+760 = [0, 60, 700]
+761 = [1, 60, 700]
+762 = [2, 60, 700]
+763 = [3, 60, 700]
+764 = [4, 60, 700]
+765 = [5, 60, 700]
+766 = [6, 60, 700]
+767 = [7, 60, 700]
+768 = [8, 60, 700]
+769 = [9, 60, 700]
+770 = [0, 70, 700]
+771 = [1, 70, 700]
+772 = [2, 70, 700]
+773 = [3, 70, 700]
+774 = [4, 70, 700]
+775 = [5, 70, 700]
+776 = [6, 70, 700]
+777 = [7, 70, 700]
+778 = [8, 70, 700]
+779 = [9, 70, 700]
+780 = [0, 80, 700]
+781 = [1, 80, 700]
+782 = [2, 80, 700]
+783 = [3, 80, 700]
+784 = [4, 80, 700]
+785 = [5, 80, 700]
+786 = [6, 80, 700]
+787 = [7, 80, 700]
+788 = [8, 80, 700]
+789 = [9, 80, 700]
+790 = [0, 90, 700]
+791 = [1, 90, 700]
+792 = [2, 90, 700]
+793 = [3, 90, 700]
+794 = [4, 90, 700]
+795 = [5, 90, 700]
+796 = [6, 90, 700]
+797 = [7, 90, 700]
+798 = [8, 90, 700]
+799 = [9, 90, 700]
+800 = [0, 0, 800]
+801 = [0, 1, 800]
+802 = [0, 2, 800]
+803 = [0, 3, 800]
+804 = [0, 4, 800]
+805 = [0, 5, 800]
+806 = [0, 6, 800]
+807 = [0, 7, 800]
+808 = [0, 8, 800]
+809 = [0, 9, 800]
+810 = [0, 10, 800]
+811 = [1, 10, 800]
+812 = [2, 10, 800]
+813 = [3, 10, 800]
+814 = [4, 10, 800]
+815 = [5, 10, 800]
+816 = [6, 10, 800]
+817 = [7, 10, 800]
+818 = [8, 10, 800]
+819 = [9, 10, 800]
+820 = [0, 20, 800]
+821 = [1, 20, 800]
+822 = [2, 20, 800]
+823 = [3, 20, 800]
+824 = [4, 20, 800]
+825 = [5, 20, 800]
+826 = [6, 20, 800]
+827 = [7, 20, 800]
+828 = [8, 20, 800]
+829 = [9, 20, 800]
+830 = [0, 30, 800]
+831 = [1, 30, 800]
+832 = [2, 30, 800]
+833 = [3, 30, 800]
+834 = [4, 30, 800]
+835 = [5, 30, 800]
+836 = [6, 30, 800]
+837 = [7, 30, 800]
+838 = [8, 30, 800]
+839 = [9, 30, 800]
+840 = [0, 40, 800]
+841 = [1, 40, 800]
+842 = [2, 40, 800]
+843 = [3, 40, 800]
+844 = [4, 40, 800]
+845 = [5, 40, 800]
+846 = [6, 40, 800]
+847 = [7, 40, 800]
+848 = [8, 40, 800]
+849 = [9, 40, 800]
+850 = [0, 50, 800]
+851 = [1, 50, 800]
+852 = [2, 50, 800]
+853 = [3, 50, 800]
+854 = [4, 50, 800]
+855 = [5, 50, 800]
+856 = [6, 50, 800]
+857 = [7, 50, 800]
+858 = [8, 50, 800]
+859 = [9, 50, 800]
+860 = [0, 60, 800]
+861 = [1, 60, 800]
+862 = [2, 60, 800]
+863 = [3, 60, 800]
+864 = [4, 60, 800]
+865 = [5, 60, 800]
+866 = [6, 60, 800]
+867 = [7, 60, 800]
+868 = [8, 60, 800]
+869 = [9, 60, 800]
+870 = [0, 70, 800]
+871 = [1, 70, 800]
+872 = [2, 70, 800]
+873 = [3, 70, 800]
+874 = [4, 70, 800]
+875 = [5, 70, 800]
+876 = [6, 70, 800]
+877 = [7, 70, 800]
+878 = [8, 70, 800]
+879 = [9, 70, 800]
+880 = [0, 80, 800]
+881 = [1, 80, 800]
+882 = [2, 80, 800]
+883 = [3, 80, 800]
+884 = [4, 80, 800]
+885 = [5, 80, 800]
+886 = [6, 80, 800]
+887 = [7, 80, 800]
+888 = [8, 80, 800]
+889 = [9, 80, 800]
+890 = [0, 90, 800]
+891 = [1, 90, 800]
+892 = [2, 90, 800]
+893 = [3, 90, 800]
+894 = [4, 90, 800]
+895 = [5, 90, 800]
+896 = [6, 90, 800]
+897 = [7, 90, 800]
+898 = [8, 90, 800]
+899 = [9, 90, 800]
+900 = [0, 0, 900]
+901 = [0, 1, 900]
+902 = [0, 2, 900]
+903 = [0, 3, 900]
+904 = [0, 4, 900]
+905 = [0, 5, 900]
+906 = [0, 6, 900]
+907 = [0, 7, 900]
+908 = [0, 8, 900]
+909 = [0, 9, 900]
+910 = [0, 10, 900]
+911 = [1, 10, 900]
+912 = [2, 10, 900]
+913 = [3, 10, 900]
+914 = [4, 10, 900]
+915 = [5, 10, 900]
+916 = [6, 10, 900]
+917 = [7, 10, 900]
+918 = [8, 10, 900]
+919 = [9, 10, 900]
+920 = [0, 20, 900]
+921 = [1, 20, 900]
+922 = [2, 20, 900]
+923 = [3, 20, 900]
+924 = [4, 20, 900]
+925 = [5, 20, 900]
+926 = [6, 20, 900]
+927 = [7, 20, 900]
+928 = [8, 20, 900]
+929 = [9, 20, 900]
+930 = [0, 30, 900]
+931 = [1, 30, 900]
+932 = [2, 30, 900]
+933 = [3, 30, 900]
+934 = [4, 30, 900]
+935 = [5, 30, 900]
+936 = [6, 30, 900]
+937 = [7, 30, 900]
+938 = [8, 30, 900]
+939 = [9, 30, 900]
+940 = [0, 40, 900]
+941 = [1, 40, 900]
+942 = [2, 40, 900]
+943 = [3, 40, 900]
+944 = [4, 40, 900]
+945 = [5, 40, 900]
+946 = [6, 40, 900]
+947 = [7, 40, 900]
+948 = [8, 40, 900]
+949 = [9, 40, 900]
+950 = [0, 50, 900]
+951 = [1, 50, 900]
+952 = [2, 50, 900]
+953 = [3, 50, 900]
+954 = [4, 50, 900]
+955 = [5, 50, 900]
+956 = [6, 50, 900]
+957 = [7, 50, 900]
+958 = [8, 50, 900]
+959 = [9, 50, 900]
+960 = [0, 60, 900]
+961 = [1, 60, 900]
+962 = [2, 60, 900]
+963 = [3, 60, 900]
+964 = [4, 60, 900]
+965 = [5, 60, 900]
+966 = [6, 60, 900]
+967 = [7, 60, 900]
+968 = [8, 60, 900]
+969 = [9, 60, 900]
+970 = [0, 70, 900]
+971 = [1, 70, 900]
+972 = [2, 70, 900]
+973 = [3, 70, 900]
+974 = [4, 70, 900]
+975 = [5, 70, 900]
+976 = [6, 70, 900]
+977 = [7, 70, 900]
+978 = [8, 70, 900]
+979 = [9, 70, 900]
+980 = [0, 80, 900]
+981 = [1, 80, 900]
+982 = [2, 80, 900]
+983 = [3, 80, 900]
+984 = [4, 80, 900]
+985 = [5, 80, 900]
+986 = [6, 80, 900]
+987 = [7, 80, 900]
+988 = [8, 80, 900]
+989 = [9, 80, 900]
+990 = [0, 90, 900]
+991 = [1, 90, 900]
+992 = [2, 90, 900]
+993 = [3, 90, 900]
+994 = [4, 90, 900]
+995 = [5, 90, 900]
+996 = [6, 90, 900]
+997 = [7, 90, 900]
+998 = [8, 90, 900]
+999 = [9, 90, 900]
